0.0  200.0    0.0
   0.0  200.0    0.0
   0.0  200.0    0.0
   0.0  200.0    0.0
   0.0  198.0    2.0
   0.0  185.0   15.0
   0.0  101.0   99.0
  17.0    9.0  174.0
  86.0    2.0  112.0
 170.0    0.0   30.0
 197.0    0.0    3.0
 199.0    0.0    1.0
 200.0    0.0    0.0
 200.0    0.0    0.0
 200.0    0.0    0.0
 200.0    0.0    0.0
 200.0    0.0    0.0
 200.0    0.0    0.0
 200.0    0.0    0.0
 200.0    0.0    0.0
 200.0    0.0    0.0
 200.0    0.0    0.0
 200.0    0.0    0.0
 200.0    0.0    0.0
 200.0    0.0    0.0
 200.0    0.0    0.0
 200.0    0.0    0.0
 200.0    0.0    0.0
 200.0    0.0    0.0
 200.0    0.0    0.0
